NACA 2310 Airfoil M=2.0% P=30.0% T=10.0%

  1.000060  0.001048
  0.998529  0.001316
  0.993944  0.002114
  0.986333  0.003429
  0.975741  0.005237
  0.962231  0.007506
  0.945883  0.010198
  0.926794  0.013267
  0.905080  0.016666
  0.880870  0.020339
  0.854310  0.024232
  0.825560  0.028287
  0.794796  0.032446
  0.762203  0.036651
  0.727981  0.040843
  0.692339  0.044963
  0.655495  0.048954
  0.617675  0.052757
  0.579114  0.056316
  0.540048  0.059575
  0.500720  0.062478
  0.461375  0.064975
  0.422256  0.067016
  0.383609  0.068557
  0.345676  0.069561
  0.308694  0.069997
  0.272406  0.069708
  0.237411  0.068391
  0.204102  0.066094
  0.172706  0.062896
  0.143435  0.058894
  0.116480  0.054196
  0.092018  0.048922
  0.070202  0.043198
  0.051164  0.037147
  0.035017  0.030893
  0.021849  0.024548
  0.011727  0.018212
  0.004699  0.011970
  0.000788  0.005886
  0.000000  0.000000
  0.002295 -0.005476
  0.007613 -0.010346
  0.015903 -0.014613
  0.027094 -0.018288
  0.041103 -0.021387
  0.057829 -0.023935
  0.077158 -0.025962
  0.098965 -0.027511
  0.123114 -0.028628
  0.149459 -0.029373
  0.177845 -0.029810
  0.208113 -0.030012
  0.240091 -0.030059
  0.273603 -0.030032
  0.308623 -0.030003
  0.345307 -0.029730
  0.382945 -0.029123
  0.421309 -0.028226
  0.460166 -0.027085
  0.499280 -0.025744
  0.538411 -0.024247
  0.577321 -0.022635
  0.615770 -0.020946
  0.653522 -0.019213
  0.690345 -0.017465
  0.726009 -0.015727
  0.760295 -0.014019
  0.792989 -0.012359
  0.823888 -0.010764
  0.852797 -0.009246
  0.879536 -0.007819
  0.903937 -0.006497
  0.925846 -0.005290
  0.945124 -0.004212
  0.961649 -0.003274
  0.975315 -0.002489
  0.986037 -0.001866
  0.993744 -0.001414
  0.998389 -0.001140
  0.999940 -0.001048