NACA 2321 Airfoil M=2.0% P=30.0% 

  1.000126  0.002201
  0.991728  0.004761
  0.966797  0.012194
  0.926117  0.023808
  0.870984  0.038591
  0.803184  0.055353
  0.724945  0.072827
  0.638876  0.089712
  0.547885  0.104670
  0.455088  0.116339
  0.363703  0.123410
  0.276065  0.124698
  0.194172  0.117890
  0.123757  0.103058
  0.067579  0.081831
  0.027606  0.056292
  0.004966  0.028501
  0.000000  0.000000
  0.012061 -0.026263
  0.039922 -0.047795
  0.082204 -0.064352
  0.137234 -0.075828
  0.203193 -0.082452
  0.278196 -0.084930
  0.362634 -0.083736
  0.452644 -0.078271
  0.544383 -0.069616
  0.634787 -0.058974
  0.720794 -0.047424
  0.799451 -0.035869
  0.868025 -0.025068
  0.924100 -0.015707
  0.965675 -0.008428
  0.991245 -0.003794
  0.999874 -0.002201