2.891969616760552, 25.62535410909186
2.9044160418382012, 25.61697267806312
2.9168624669158505, 25.608591247034383
2.9293088919934998, 25.600209816005645
2.941755317071149, 25.591828384976907
2.95415372353353, 18.972593230045504
2.9666097523342327, 20.286382543797345
2.9790657811349357, 21.600171857549185
2.9915218099356387, 22.913961171301025
3.0039634331517613, 22.244494367881998
3.0164098582294105, 22.23611293685326
3.0288514814455327, 21.566646133434233
3.0412883028001283, 20.236093957624917
3.053725124154724, 18.9055417818156
3.0662195678476416, 25.508014074689754
3.078665992925291, 25.499632643661016
3.09111241800294, 25.491251212632278
3.103568446803643, 26.80504052638412
3.1160148718812923, 26.796659095355608
3.1284709006819957, 28.11044840910745
3.140917325759645, 28.10206697807871
3.153373354560348, 29.41585629183055
3.165819779637997, 29.407474860801813
3.178266204715646, 29.399093429773075
3.1907126297932953, 29.390711998744337
3.2031590548709445, 29.3823305677156
3.215605479948594, 29.37394913668686
3.228051905026243, 29.365567705658123
3.2404983301038923, 29.357186274629385
3.2529447551815416, 29.348804843600647
3.265391180259191, 29.34042341257191
3.27783760533684, 29.332041981543398
3.290293634137543, 30.64583129529524
3.3027400592151923, 30.6374498642665
3.3151960880158953, 31.951239178018568
3.3276425130935445, 31.94285774698983
3.340088938171194, 31.934476315961092
3.352535363248843, 31.926094884932354
3.3649817883264923, 31.917713453903616
3.3774282134041416, 31.909332022874878
3.389874638481791, 31.90095059184614
3.40232106355944, 31.892569160817402
3.414777092360143, 33.20635847456924
3.4272235174377923, 33.19797704354073
3.4396795462384953, 34.51176635729257
3.4521259713161445, 34.503384926263834
3.4645723963937938, 34.495003495235096
3.477018821471443, 34.48662206420636
3.4894652465490923, 34.47824063317762
3.5019116716267416, 34.46985920214888
3.514358096704391, 34.461477771120144
3.5268141255050938, 35.775267084871984
3.539260550582743, 35.76688565384325
3.551716579383446, 37.08067496759509
3.5641630044610952, 37.07229353656635
3.576609429538744, 37.06391210553761
3.5890558546163933, 37.0555306745091
3.6015022796940426, 37.04714924348036
3.613948704771692, 37.038767812451624
3.626404733572395, 38.352557126203465
3.638851158650044, 38.34417569517473
3.651307187450747, 39.65796500892657
3.6637536125283963, 39.64958357789783
3.6762000376060455, 39.64120214686909
3.688646462683695, 39.63282071584035
3.701092887761344, 39.624439284811615
3.7135393128389933, 39.61605785378288
3.7259953416396967, 40.92984716753472
3.738441766717346, 40.92146573650598
3.750897795518049, 42.23525505025805
3.763344220595698, 42.22687361922931
3.7757906456733474, 42.21849218820057
3.7882370707509967, 42.21011075717183
3.8006930995516996, 43.52390007092367
3.813139524629349, 43.515518639894935
3.825595553430052, 44.829307953646776
3.838041978507701, 44.82092652261804
3.8504884035853504, 44.8125450915893
3.8629348286629996, 44.80416366056056
3.8753908574637026, 46.1179529743124
3.887837282541352, 46.109571543283664
3.900293311342055, 47.42336085703573
3.9127493401427578, 48.73715017078757
3.9252053689434607, 50.05093948453941
3.9376613977441637, 51.36472879829125
3.950107822821813, 51.356347367262515
3.9625062292841937, 44.737112212330885
3.9749622580848962, 46.050901526082725
3.987418286885599, 47.364690839834566
3.999874315686302, 48.678480153586406
4.012330344487005, 49.99226946733825
4.024767165841601, 48.66171729152893
4.037203987196196, 47.331165115719614
4.049640808550792, 46.0006129399103
4.062077629905387, 44.67006076410121
4.074572073598305, 51.27253305697536
4.087018498675954, 51.264151625946624
4.099474527476657, 52.577940939698465
4.111940160000414, 55.21390099823088
4.124396188801117, 56.527690311982724
4.13685221760182, 57.841479625734564
4.14929864267947, 57.833098194705826
4.161754671480172, 59.14688750845767
4.174201096557821, 59.13850607742893
4.186657125358524, 60.45229539118077
4.199103550436173, 60.44391396015203
4.2115595792368765, 61.75770327390387
4.224006004314526, 61.74932184287536
4.236462033115228, 63.0631111566272
4.2489084581928775, 63.05472972559846
4.261354883270527, 63.046348294569725
4.27381091207123, 64.36013760832157
4.2862573371488795, 64.35175617729283
4.298713365949582, 65.66554549104467
4.311159791027231, 65.65716406001593
4.3236062161048805, 65.64878262898719
4.336062244905584, 66.96257194273903
4.348508669983233, 66.9541905117103
4.360964698783936, 68.26797982546213
4.373411123861585, 68.25959839443362
4.385867152662288, 69.57338770818546
4.398313577739938, 69.56500627715673
4.41076960654064, 70.87879559090857
4.423216031618289, 70.87041415987983
4.435672060418993, 72.18420347363167
4.448118485496642, 72.17582204260293
4.460574514297345, 73.48961135635477
4.473020939374995, 73.48122992532603
4.485476968175697, 74.79501923907787
4.4979233932533464, 74.78663780804914
4.51037942205405, 76.10042712180098
4.522825847131699, 76.09204569077224
4.535281875932402, 77.4058350045243
4.547728301010051, 77.39745357349557
4.560184329810754, 78.71124288724764
4.5726307548884035, 78.7028614562189
4.585077179966053, 78.69448002519016
4.597533208766755, 80.008269338942
4.609979633844405, 79.99988790791326
4.622435662645108, 81.3136772216651
4.634882087722757, 81.30529579063636
4.64733811652346, 82.6190851043882
4.659784541601109, 82.61070367335947
4.672240570401812, 83.92449298711131
4.684686995479462, 83.91611155608257
4.697133420557111, 83.90773012505406
4.709589449357813, 85.2215194388059
4.722035874435463, 85.21313800777716
4.734491903236166, 86.526927321529
4.746938328313815, 86.51854589050026
4.759394357114519, 87.8323352042521
4.771840782192168, 87.82395377322337
4.784306414715925, 90.45991383175578
4.796752839793574, 90.45153240072705
4.809199264871223, 90.44315096969831
4.821645689948872, 90.43476953866957
4.834101718749575, 91.74855885242141
4.846548143827224, 91.7401774213929
4.859004172627928, 93.05396673514474
4.871450597705577, 93.045585304116
4.883906626506279, 94.35937461786784
4.896362655306983, 95.67316393161968
4.908809080384632, 95.66478250059095
4.9212651091853346, 96.97857181434279
4.933711534262984, 96.97019038331405
4.946167563063687, 98.28397969706589
4.9586139881413365, 98.27559826603715
4.971070016942039, 99.58938757978899
4.9835260457427415, 100.90317689354083
4.995972470820391, 100.89479546251209
5.00841889589804, 100.88641403148358
5.020874924698743, 102.20020334523542
5.033330953499446, 103.51399265898726
5.045777378577095, 103.50561122795852
5.058223803654744, 103.49722979692979
5.070670228732394, 103.48884836590105
5.08313586125615, 106.12480842443347
5.0955822863338, 106.11642699340473
5.108038315134503, 107.43021630715657
5.1204943439352055, 108.74400562090841
5.132940769012855, 108.73562418987967
5.145396797813558, 110.04941350363151
5.1578432228912074, 110.04103207260277
5.17029925169191, 111.35482138635484
5.182745676769559, 111.3464399553261
5.195201705570263, 112.66022926907794
5.207648130647912, 112.6518478380492
5.220104159448615, 113.96563715180105
5.2325505845262645, 113.95725572077231
5.245006613326967, 115.27104503452415
5.257453038404616, 115.26266360349541
5.26990906720532, 116.57645291724725
5.282355492282969, 116.56807148621851
5.2948115210836715, 117.88186079997035
5.307257946161321, 117.87347936894162
5.319713974962024, 119.18726868269368
5.332160400039673, 119.17888725166495
5.344616428840376, 120.49267656541679
5.357072457641079, 121.80646587916863
5.369518882718729, 121.79808444813989
5.381974911519431, 123.11187376189173
5.3944309403201345, 124.4256630756438
5.406886969120838, 125.73945238939564
5.4193526016445945, 128.37541244792806
5.431808630445297, 129.6892017616799
5.4442646592460004, 131.00299107543174
5.45671108432365, 130.994609644403
5.469114292647557, 125.03645986186166
5.48157032144826, 126.35024917561373
5.494026350248963, 127.66403848936557
5.5064823790496655, 128.9778278031174
5.518928804127315, 128.96944637208867
5.531365625481911, 127.63889419627935
5.543802446836506, 126.30834202047004
5.556239268191102, 124.97778984466072
5.568728910022493, 130.91917676514458
5.5811849388231956, 132.23296607889642
5.593640967623899, 133.54675539264827
5.606106600147656, 136.18271545118068
5.618572232671412, 138.8186755097131
5.631028261472116, 140.13246482346494
5.643484290272818, 141.446254137217
5.655940319073522, 142.76004345096885
5.668386744151171, 142.7516620199401
5.680842772951873, 144.06545133369195
5.693298801752577, 145.3792406474438
5.705745226830226, 145.37085921641506
5.718210859353983, 148.00681927494747
5.730657284431632, 147.99843784391874
5.743113313232334, 149.31222715767058
5.755569342033038, 150.62601647142242
5.768015767110686, 150.61763504039368
5.780481399634443, 153.2535950989261
5.792927824712092, 153.24521366789736
5.8053838535127955, 154.55900298164943
5.817839882313498, 155.87279229540127
5.830286307391147, 155.86441086437253
5.842751939914904, 158.50037092290495
5.855198364992553, 158.4919894918762
5.867654393793257, 159.80577880562805
5.880110422593959, 161.1195681193799
5.892556847671608, 161.11118668835115
5.905022480195365, 163.74714674688357
5.917468905273014, 163.73876531585483
5.929934537796772, 166.37472537438725
5.942380962874421, 166.36634394335852
5.954836991675124, 167.68013325711058
5.967293020475827, 168.99392257086242
5.979739445553476, 168.98554113983369
5.992205078077233, 171.62150119836633
6.004651503154882, 171.6131197673376
6.017107531955585, 172.92690908108943
6.029563560756288, 174.24069839484127
6.042029193280045, 176.8766584533737
6.054475618357694, 176.86827702234496
6.066941250881451, 179.50423708087737
6.0793876759591, 179.49585564984864
6.0918533084828566, 182.13181570838105
6.104299733560506, 182.12343427735232
6.1167653660842625, 184.75939433588496
6.129211791161912, 184.75101290485622
6.141677423685668, 187.38697296338864
6.154133452486372, 188.70076227714048
6.166589481287074, 190.01455159089232
6.1790359063647236, 190.0061701598636
6.191501538888481, 192.642130218396
6.20394796396613, 192.63374878736727
6.216403992766833, 193.9475381011191
6.228860021567536, 195.26132741487095
6.2413064466451855, 195.2529459838422
6.253772079168942, 197.88890604237463
6.266218504246591, 197.8805246113459
6.278684136770348, 200.51648466987854
6.291130561847997, 200.5081032388498
6.303596194371754, 203.14406329738222
6.316042619449403, 203.13568186635348
6.328498648250107, 204.44947118010532
6.340954677050809, 205.76326049385716
6.353420309574566, 208.39922055238958
6.365866734652215, 208.39083912136084
6.378332367175972, 211.02679917989326
6.390791139897548, 212.71835156358247
6.403263632223485, 216.2987192969581
6.4157196610241884, 217.61250861071017
6.428175689824892, 218.92629792446223
6.4406413223486485, 221.56225798299465
6.453097351149351, 222.8760472967465
6.465500559473258, 216.91789751420515
6.477956588273962, 218.231686827957
6.490412617074664, 219.54547614170883
6.502863844013841, 220.19818008307038
6.515315070953017, 220.85088402443193
6.527751892307612, 219.52033184862262
6.540188713662208, 218.1897796728133
6.552625535016803, 216.85922749700399
6.5651151768481935, 222.80061441748785
6.577571205648897, 224.1144037312397
6.590027234449599, 225.42819304499176
6.602492866973356, 228.06415310352418
6.614948895774059, 229.37794241727602
6.627404924574763, 230.69173173102786
6.639880160821573, 234.64986253434085
6.652326585899222, 234.64148110331212
6.664792218422979, 237.27744116184454
6.677238643500628, 237.2690597308158
6.6897042760243846, 239.90501978934822
6.702150701102034, 239.89663835831948
6.7146163336257905, 242.5325984168519
6.72706275870344, 242.52421698582316
6.739518787504143, 243.838006299575
6.7519748163048465, 245.15179561332707
6.764421241382496, 245.14341418229833
6.776886873906252, 247.77937424083075
6.789333298983902, 247.770992809802
6.801798931507658, 250.40695286833443
6.814254960308361, 251.72074218208627
6.826710989109064, 253.0345314958381
6.839167017909767, 254.34832080958995
6.85162304671047, 255.6621101233418
6.864069471788119, 255.65372869231305
6.876535104311876, 258.28968875084547
6.888981529389525, 258.28130731981673
6.901437558190229, 259.5950966335688
6.913893586990931, 260.90888594732064
6.9263400120685805, 260.9005045162919
6.938805644592337, 263.53646457482455
6.951252069669986, 263.5280831437958
6.963717702193743, 266.16404320232823
6.976164127271392, 266.1556617712995
6.988629759795149, 268.7916218298319
7.001076184872798, 268.7832403988032
7.013532213673502, 270.097029712555
7.025988242474205, 271.41081902630685
7.038453874997962, 274.0467790848393
7.050900300075611, 274.03839765381053
7.0633563288763135, 275.3521869675626
7.075812357677017, 276.66597628131444
7.088273874319465, 278.7352917349408
7.100753226447584, 283.26006714315986
7.113209255248287, 284.5738564569117
7.1256748877720435, 287.2098165154441
7.1381405202958, 289.84577657397654
7.1505965490965036, 291.1595658877284
7.162999757420411, 285.20141610518704
7.1754557862211135, 286.5152054189389
7.187911815021817, 287.8289947326907
7.20036784382252, 289.14278404644256
7.2128142689001695, 289.1344026154138
7.225251090254765, 287.80385043960473
7.23768791160936, 286.4732982637954
7.250124732963956, 285.1427460879861
7.262614374795347, 291.08413300846996
7.275070403596049, 292.3979223222218
7.287526432396753, 293.71171163597364
7.2999920649205094, 296.34767169450606
7.312448093721213, 297.6614610082579
7.324920586047151, 301.24182874163364
7.337379358768726, 302.93338112532297
7.349835387569429, 304.2471704390748
7.362291416370131, 305.56095975282665
7.374757048893888, 308.19691981135907
7.387203473971537, 308.18853838033033
7.399669106495294, 310.82449843886275
7.412115531572943, 310.816117007834
7.4245811640967, 313.45207706636654
7.437027589174349, 313.4436956353378
7.449493221698106, 316.0796556938702
7.461939646775755, 316.0712742628415
7.4744052792995115, 318.7072343213739
7.486851704377161, 318.69885289034517
7.499317336900917, 321.3348129488778
7.511773365701621, 322.64860226262965
7.524229394502324, 323.9623915763815
7.536695027026081, 326.5983516349139
7.54914145210373, 326.5899702038852
7.561607084627487, 329.2259302624176
7.574053509705136, 329.21754883138897
7.586519142228893, 331.8535088899214
7.598965567306542, 331.84512745889265
7.611431199830299, 334.48108751742507
7.623877624907948, 334.47270608639633
7.6363432574317045, 337.10866614492875
7.648799286232408, 338.4224554586806
7.66125531503311, 339.73624477243254
7.673711343833814, 341.0500340861844
7.686167372634516, 342.3638233999362
7.698633005158273, 344.99978345846876
7.711079430235922, 344.99140202744
7.723545062759679, 347.62736208597244
7.735991487837328, 347.6189806549438
7.748457120361086, 350.25494071347623
7.760903545438735, 350.2465592824475
7.773369177962492, 352.8825193409799
7.785815603040141, 352.8741379099512
7.7982812355638975, 355.5100979684836
7.810727660641547, 355.50171653745497
7.823193293165303, 358.1376765959874
7.835639718242953, 358.12929516495865
7.848105350766709, 360.76525522349107
7.860551775844359, 360.75687379246233
7.873017408368115, 363.39283385099475
7.885473437168819, 364.7066231647466
7.897929465969521, 366.02041247849854
7.910395098493278, 368.6563725370311
7.922841523570927, 368.64799110600234
7.935307156094684, 371.28395116453476
7.947753581172333, 371.275569733506
7.96021921369609, 373.91152979203844
7.972665638773739, 373.9031483610098
7.9851312712974964, 376.53910841954223
7.997577696375146, 376.5307269885135
8.010033725175848, 377.84451630226533
8.022489753976553, 379.1583056160172
8.03495538650031, 381.7942656745496
8.047401811577958, 381.78588424352097
8.059867444101714, 384.4218443020534
8.072313869179364, 384.41346287102465
8.084779501703121, 387.04942292955707
8.097235530503823, 388.3632122433089
8.109691559304526, 389.67700155706075
8.122137984382176, 389.668620126032
8.134603616905933, 392.30458018456466
8.147050041983581, 392.2961987535359
8.159515674507338, 394.93215881206834
8.171962099584986, 394.9237773810396
8.184427732108743, 397.559737439572
8.196874157186395, 397.5513560085433
8.20933978971015, 400.1873160670758
8.2217862147878, 400.1789346360471
8.234251847311556, 402.8148946945795
8.246698272389207, 402.80651326355076
8.25915430118991, 404.1203025773026
8.271610329990612, 405.43409189105444
8.284075962514368, 408.07005194958697
8.296522387592018, 408.06167051855823
8.308988020115773, 410.69763057709065
8.321434445193423, 410.6892491460619
8.33390007771718, 413.32520920459433
8.34634650279483, 413.3168277735656
8.358812135318587, 415.9527878320981
8.371258560396237, 415.9444064010695
8.383724192919992, 418.5803664596019
8.396170617997642, 418.5719850285732
8.408636250521399, 421.2079450871056
8.421082675599049, 421.19956365607686
8.433548308122804, 423.8355237146093
8.446004336923508, 425.14931302836123
8.45846036572421, 426.4631023421131
8.470916394524915, 427.7768916558649
8.483372423325616, 429.09068096961676
8.4958504034933, 433.4265748428671
8.508313292096183, 435.68477183146217
8.520778924619941, 438.3207318899947
8.533234953420642, 439.63452120374666
8.5457005859444, 442.2704812622791
8.558156614745103, 443.5842705760309
8.57055982306901, 437.6261207934896
8.583015851869714, 438.9399101072414
8.595471880670415, 440.25369942099326
8.607927909471119, 441.5674887347452
8.620374334548767, 441.5591073037165
8.632811155903363, 440.22855512790716
8.64524797725796, 438.89800295209784
8.657684798612555, 437.5674507762885
8.67013602555173, 438.2201547176501
8.682640072967702, 446.1447977553049
8.695096101768405, 447.45858706905676
8.707561734292163, 450.0945471275892
8.720017763092864, 451.408336441341
8.732497115220985, 455.9331118495601
8.744968235586486, 459.324598047967
8.75742426438719, 460.63838736171897
8.769880293187892, 461.9521766754709
8.782336321988595, 463.26596598922276
8.794801954512351, 465.9019260477552
8.807248379590002, 465.89354461672644
8.819714012113758, 468.52950467525886
8.832160437191408, 468.5211232442301
8.844626069715163, 471.15708330276266
8.857072494792813, 471.1487018717339
8.86953812731657, 473.78466193026634
8.88198455239422, 473.7762804992376
8.894450184917975, 476.41224055777
8.90690621371868, 477.72602987152186
8.919362242519382, 479.0398191852738
8.931818271320086, 480.35360849902565
8.944274300120787, 481.6673978127775
8.956739932644545, 484.30335787131
8.969195961445248, 485.61714718506187
8.98165199024595, 486.9309364988137
8.994098415323599, 486.92255506778497
9.006564047847357, 489.5585151263175
9.01902007664806, 490.87230444006934
9.031476105448762, 492.1860937538212
9.043932134249465, 493.499883067573
9.056388163050169, 494.81367238132486
9.068844191850872, 496.1274616950767
9.081300220651576, 497.44125100882866
9.09376585317533, 500.0772110673611
9.10621227825298, 500.06882963633234
9.118668307053683, 501.3826189500842
9.13113393957744, 504.0185790086166
9.143589968378143, 505.33236832236844
9.156055600901901, 507.9683283809011
9.16850202597955, 507.95994694987235
9.180967658503306, 510.59590700840477
9.193414083580954, 510.587525577376
9.205879716104713, 513.2234856359084
9.218335744905415, 514.5372749496603
9.230791773706118, 515.8510642634121
9.243257406229874, 518.4870243219447
9.255703831307525, 518.4786428909159
9.268169463831281, 521.1146029494483
9.280625492631984, 522.4283922632002
9.293081521432686, 523.742181576952
9.305547153956445, 526.3781416354844
9.317993579034093, 526.3697602044558
9.33045921155785, 529.0057202629882
9.342915240358552, 530.3195095767402
9.355371269159255, 531.633298890492
9.367836901683011, 534.2692589490244
9.38028332676066, 534.2608775179957
9.392764050849216, 538.9745344611835
9.405233799254281, 542.1771391246218
9.417699431778038, 544.8130991831542
9.43015546057874, 546.1268884969061
9.442621093102499, 548.7628485554385
9.455029103287933, 543.4657841452874
9.467489933950162, 545.4406588314296
9.479945962750865, 546.7544481451815
9.492401991551569, 548.0682374589334
9.504858020352271, 549.3820267726852
9.517304445429922, 549.3736453416565
9.529741266784516, 548.0430931658472
9.542178088139112, 546.7125409900378
9.554614909493706, 545.3819888142286
9.567066136432883, 546.0346927555902
9.579570183848855, 553.959335793245
9.592035816372611, 556.5952958517775
9.604501448896368, 559.2312559103099
9.61696067893809, 560.9857688056553
9.629437515805408, 565.1642613997651
9.641907950190692, 568.4613068306878
9.654373582714449, 571.0972668892202
9.666829611515153, 572.4110562029721
9.679285640315856, 573.7248455167239
9.691751272839612, 576.3608055752564
9.704207301640315, 577.6745948890083
9.716663330441019, 578.9883842027602
9.729128962964774, 581.6243442612927
9.741584991765478, 582.9381335750445
9.754050624289235, 585.5740936335769
9.766497049366885, 585.5657122025482
9.77896268189064, 588.2016722610806
9.791418710691344, 589.5154615748326
9.803874739492047, 590.8292508885844
9.81633076829275, 592.1430402023362
9.828796400816506, 594.7790002608687
9.84125242961721, 596.0927895746205
9.85370845841791, 597.4065788883723
9.86617409094167, 600.042538946905
9.878630119742372, 601.3563282606568
9.891076544820022, 601.3479468296281
9.903551781066831, 605.3060776329411
9.916007809867535, 606.6198669466929
9.928463838668238, 607.9336562604448
9.940929471191994, 610.5696163189772
9.953385499992697, 611.8834056327291
9.965841528793401, 613.197194946481
9.978307161317156, 615.8331550050134
9.99076319011786, 617.1469443187652
10.003219218918563, 618.4607336325171
10.01568485144232, 621.0966936910495
10.028140880243022, 622.4104830048014
10.040596909043726, 623.7242723185534
10.053062541567483, 626.3602323770858
10.065518570368186, 627.6740216908377
10.077974599168888, 628.9878110045895
10.090430627969592, 630.3016003183413
10.102886656770295, 631.6153896320933
10.115352289294052, 634.2513496906257
10.127808318094754, 635.5651390043776
10.140264346895458, 636.8789283181294
10.152729979419213, 639.5148883766618
10.165186008219916, 640.8286776904137
10.17764203702062, 642.1424670041655
10.190098065821322, 643.4562563179175
10.202554094622025, 644.7700456316693
10.215019727145782, 647.4060056902018
10.227475755946486, 648.7197950039537
10.239931784747187, 650.0335843177055
10.252397417270945, 652.6695443762379
10.264853446071648, 653.9833336899899
10.277319078595404, 656.6192937485223
10.289775107396107, 657.9330830622741
10.302231136196811, 659.246872376026
10.314696768720566, 661.8828324345584
10.32715279752127, 663.1966217483102
10.339608826321973, 664.5104110620622
10.352074458845731, 667.1463711205946
10.364530487646432, 668.4601604343464
10.376986516447136, 669.7739497480984
10.389452148970893, 672.4099098066308
10.401908177771595, 673.7236991203827
10.414364206572298, 675.0374884341345
10.426829839096056, 677.673448492667
10.439285867896759, 678.9872378064189
10.45176110414357, 682.9453686097319
10.464207529221218, 682.9369871787031
10.476673161744975, 685.5729472372356
10.489129190545677, 686.8867365509874
10.501585219346381, 688.2005258647393
10.514050851870138, 690.8364859232718
10.52650688067084, 692.1502752370236
10.538962909471543, 693.4640645507756
10.551428541995302, 696.100024609308
10.563884570796002, 697.4138139230598
10.576340599596707, 698.7276032368118
10.588806232120463, 701.3635632953442
10.601262260921166, 702.677352609096
10.613727893444922, 705.3133126676285
10.626183922245627, 706.6271019813803
10.63863995104633, 707.9408912951321
10.651105583570086, 710.5768513536646
10.663561612370788, 711.8906406674165
10.676017641171493, 713.2044299811683
10.688483273695248, 715.8403900397009
10.700939302495952, 717.1541793534527
10.713395331296654, 718.4679686672046
10.725860963820411, 721.103928725737
10.738316992621113, 722.4177180394889
10.750773021421818, 723.7315073532408
10.763238653945573, 726.3674674117732
10.775694682746277, 727.681256725525
10.78815071154698, 728.9950460392769
10.800606740347684, 730.3088353530287
10.813072372871439, 732.9447954115611
10.825528401672143, 734.2585847253131
10.837984430472845, 735.5723740390649
10.850450062996602, 738.2083340975973
10.862906091797305, 739.5221234113493
10.875371724321063, 742.1580834698817
10.887827753121766, 743.4718727836336
10.90031259309163, 748.7521743317272
10.91278782933844, 752.7103051350402
10.925243858139144, 754.0240944487921
10.937709490662899, 756.6600545073245
10.950175123186655, 759.2960145658569
10.96258313337209, 753.9989501557059
10.975039162172791, 755.3127394694578
10.987495190973496, 756.6265287832097
10.999951219774198, 757.9403180969615
11.012407248574902, 759.2541074107133
11.024844069929497, 757.923555234904
11.037280891284093, 756.5930030590947
11.049717712638687, 755.2624508832854
11.062168939577864, 755.9151548246471
11.07462016651704, 756.5678587660086
11.087085799040798, 759.203818824541
11.099551431564553, 761.8397788830734
11.112057399725137, 770.0288560696844
11.124531782307676, 773.8694605845724
11.137025158920254, 780.3250250169156
11.149490791444011, 782.960985075448
11.161946820244715, 784.2747743891998
11.174402849045416, 785.5885637029518
11.186868481569174, 788.2245237614842
11.199324510369877, 789.538313075236
11.21178053917058, 790.852102388988
11.224246171694336, 793.4880624475204
11.236711804218094, 796.1240225060528
11.24917743674185, 798.7599825645852
11.2616238618195, 798.7516011335565
11.274089494343256, 801.3875611920889
11.286555126867013, 804.0235212506215
11.29902075939077, 806.6594813091539
11.31146718446842, 806.6510998781253
11.323932816992174, 809.2870599366577
11.336398449515933, 811.9230199951901
11.348864082039688, 814.5589800537225
11.361320110840392, 815.8727693674743
11.373776139641095, 817.1865586812262
11.386241772164851, 819.8225187397586
11.398707404688608, 822.4584787982911
11.411173037212366, 825.0944388568236
11.423619462290015, 825.0860574257948
11.436085094813771, 827.7220174843274
11.448550727337528, 830.3579775428598
11.461016359861285, 832.9939376013922
11.473462784938933, 832.9855561703635
11.485928417462691, 835.6215162288959
11.498394049986446, 838.2574762874284
11.510859682510205, 840.8934363459609
11.52332531503396, 843.5293964044934
11.53577174011161, 843.5210149734646
11.548237372635366, 846.156975031997
11.560703005159125, 848.7929350905295
11.57316863768288, 851.4288951490619
11.585624666483584, 852.7426844628138
11.598080695284287, 854.0564737765657
11.610546327808043, 856.6924338350981
11.6230119603318, 859.3283938936305
11.635477592855556, 861.964353952163
11.647924017933205, 861.9559725211343
11.660389650456963, 864.5919325796667
11.672855282980718, 867.2278926381991
11.685320915504477, 869.8638526967316
11.697786548028231, 872.4998127552641
11.710232973105882, 872.4914313242355
11.722698605629638, 875.1273913827679
11.735164238153397, 877.7633514413003
11.747629870677152, 880.3993114998327
11.760085899477854, 881.7131008135846
11.772541928278558, 883.0268901273364
11.785007560802313, 885.6628501858689
11.797463589603018, 886.9766394996208
11.80991961840372, 888.2904288133726
11.822385250927477, 890.9263888719051
11.834850883451233, 893.5623489304376
11.847306912251938, 894.8761382441894
11.859762941052638, 896.1899275579412
11.872228573576397, 898.8258876164737
11.8846846023771, 900.1396769302255
11.897150234900856, 902.7756369887579
11.909606263701559, 904.0894263025099
11.922071896225317, 906.7253863610423
11.934527925026018, 908.0391756747943
11.946983953826722, 909.3529649885461
11.959449586350479, 911.9889250470785
11.971915218874235, 914.6248851056109
11.984371247674938, 915.9386744193628
11.996827276475642, 917.2524637331146
12.009292908999397, 919.8884237916471
12.021748937800101, 921.2022131053991
12.034214570323858, 923.8381731639315
12.04667059912456, 925.1519624776834
12.059136231648317, 927.7879225362158
12.071601864172075, 930.4238825947482
12.08406749669583, 933.0598426532806
12.09651392177348, 933.0514612222519
12.108979554297237, 935.6874212807844
12.121445186820994, 938.3233813393168
12.133901215621696, 939.6371706530687
12.1463572444224, 940.9509599668206
12.158822876946155, 943.586920025353
12.17127890574686, 944.9007093391049
12.183744538270616, 947.5366693976373
12.196200567071319, 948.8504587113891
12.208666199595076, 951.4864187699216
12.22112222839578, 952.8002080836735
12.233578257196482, 954.1139973974255
12.246043889720239, 956.7499574559579
12.258499918520942, 958.0637467697097
12.270955947321646, 959.3775360834616
12.2834215798454, 962.013496141994
12.295877608646105, 963.3272854557458
12.308333637446808, 964.6410747694977
12.320799269970564, 967.2770348280302
12.333255298771267, 968.590824141782
12.345711327571971, 969.904613455534
12.358176960095726, 972.5405735140664
12.37063298889643, 973.8543628278182
12.383089017697133, 975.1681521415701
12.395545046497837, 976.4819414553219
12.408045892672789, 983.9658609113832
12.420505122714511, 985.7203738067286
12.432970755238268, 988.356333865261
12.445436387762024, 990.9922939237936
12.457844397947458, 985.6952295136425
12.47030522860969, 987.6701041997846
12.482761257410392, 988.9838935135365
12.495217286211094, 990.2976828272883
12.507658909427215, 989.6282160238693
12.520105334504866, 989.6198345928406
12.532556561444041, 990.2725385342021
12.544993382798637, 988.9419863583929
12.557430204153233, 987.6114341825835
12.569919845984623, 993.5528211030675
12.582375874785328, 994.8666104168194
12.594841507309082, 997.5025704753518
12.607297536109787, 998.8163597891037
12.619763168633542, 1001.4523198476361
12.632214395572719, 1002.1050237889976
12.644704037404109, 1008.0464107094815
12.657160066204813, 1009.3602000232335
12.669616095005516, 1010.6739893369853
12.682081727529273, 1013.3099493955178
12.694528152606921, 1013.3015679644891
12.70699378513068, 1015.9375280230215
12.719440210208328, 1015.9291465919928
12.731905842732084, 1018.5651066505252
12.744352267809733, 1018.5567252194965
12.756817900333491, 1021.1926852780289
12.76926432541114, 1021.1843038470001
12.781729957934898, 1023.8202639055328
12.794176383012546, 1023.811882474504
12.806632411813249, 1025.1256717882559
12.819088440613951, 1026.4394611020077
12.831534865691602, 1026.431079670979
12.844000498215358, 1029.0670397295114
12.856446923293008, 1029.0586582984827
12.868912555816763, 1031.694618357015
12.881358980894413, 1031.6862369259863
12.89382461341817, 1034.322196984519
12.90627103849582, 1034.3138155534903
12.918736671019575, 1036.9497756120227
12.931183096097225, 1036.941394180994
12.943648728620982, 1039.5773542395264
12.956095153698632, 1039.5689728084976
12.968560786222387, 1042.20493286703
12.981007211300037, 1042.1965514360013
12.993472843823794, 1044.8325114945337
13.005919268901444, 1044.824130063505
13.018375297702146, 1046.1379193772568
13.03083132650285, 1047.451708691009
13.043277751580499, 1047.4433272599802
13.055743384104256, 1050.0792873185126
13.068189809181904, 1050.0709058874838
13.080655441705662, 1052.7068659460163
13.09310186678331, 1052.6984845149875
13.105557895584013, 1054.0122738287394
13.118013924384716, 1055.3260631424912
13.130460349462366, 1055.3176817114627
13.142925981986123, 1057.953641769995
13.155372407063773, 1057.9452603389664
13.167828435864475, 1059.2590496527182
13.180284464665178, 1060.57283896647
13.192730889742826, 1060.5644575354413
13.205196522266585, 1063.2004175939737
13.217642947344233, 1063.192036162945
13.23010857986799, 1065.8279962214774
13.242555004945638, 1065.8196147904487
13.255001430023288, 1065.81123335942
13.267467062547045, 1068.4471934179526
13.279913487624695, 1068.4388119869238
13.29237912014845, 1071.0747720454563
13.3048255452261, 1071.0663906144275
13.317281574026802, 1072.3801799281794
13.329737602827507, 1073.6939692419312
13.342184027905155, 1073.6855878109025
13.354649660428912, 1076.3215478694349
13.367096085506562, 1076.3131664384061
13.379552114307263, 1077.6269557521582
13.392008143107967, 1078.94074506591
13.404454568185615, 1078.9323636348813
13.416920200709374, 1081.5683236934137
13.429376229510074, 1082.8821130071656
13.441832258310779, 1084.1959023209174
13.454278683388427, 1084.1875208898887
13.466734712189131, 1085.5013102036405
13.479190740989834, 1086.8150995173924
13.491637166067484, 1086.8067180863636
13.504102798591239, 1089.442678144896
13.51654922366889, 1089.4342967138675
13.529014856192646, 1092.0702567724
13.541461281270296, 1092.0618753413712
13.553917310070998, 1093.375664655123
13.566373338871701, 1094.689453968875
13.57881976394935, 1094.6810725378461
13.591285396473108, 1097.3170325963786
13.603731821550756, 1097.3086511653498
13.616178246628406, 1097.3002697343213
13.628643879152163, 1099.9362297928537
13.641090304229813, 1099.927848361825
13.653555936753568, 1102.5638084203574
13.666002361831218, 1102.5554269893287
13.67845839063192, 1103.8692163030805
13.690914419432625, 1105.1830056168324
13.703360844510273, 1105.1746241858036
13.71582647703403, 1107.810584244336
13.728272902111678, 1107.8022028133073
13.740738534635437, 1110.4381628718397
13.753184959713085, 1110.4297814408112
13.765631384790735, 1110.4214000097825
13.77809701731449, 1113.057360068315
13.79054344239214, 1113.0489786372862
13.803009074915897, 1115.6849386958186
13.815455499993547, 1115.6765572647898
13.82791152879425, 1116.9903465785417
13.840367557594952, 1118.3041358922935
13.8528139826726, 1118.2957544612648
13.865279615196359, 1120.9317145197974
13.877726040274007, 1120.9233330887687
13.890182069074712, 1122.2371224025205
13.90265730532152, 1126.1952532058335
13.915113334122225, 1127.5090425195854
13.92757896664598, 1130.1450025781178
13.940034995446684, 1131.4587918918696
13.952491024247387, 1132.7725812056215
13.964899034432822, 1127.4755167954704
13.977355063233524, 1128.7893061092223
13.989811092034227, 1130.103095422974
14.00226712083493, 1131.4168847367262
14.014708744051052, 1130.7474179333071
14.027159970990228, 1131.4001218746687
14.039596792344824, 1130.0695696988594
14.05203361369942, 1128.73901752305
14.064470435054016, 1127.4084653472407
14.076964878746933, 1134.010937640115
14.089411303824583, 1134.0025562090862
14.101857728902232, 1133.9941747780574
14.114304153979882, 1133.9857933470287
